1     0  0  0  255
2     174  156  191  234
3     159  195  134  7
4     176  204  34  208
5     125  139  142  98
6     188  245  68  132
7     161  56  236  184
8     153  203  248  159
9     111  61  187  52
10     157  211  10  208
11     208  133  122  59
12     100  181  247  85
13     148  32  17  85
14     252  30  108  156
15     45  224  220  205
16     96  101  230  53
17     195  30  110  195
18     166  5  57  119
19     29  223  147  66
20     121  189  102  26
21     23  106  51  176
22     8  148  209  197
23     71  30  190  84
24     202  80  111  107
25     221  156  118  181
26     170  187  101  209
27     87  82  127  75
28     194  223  148  71
29     252  197  110  215
30     211  39  195  183
31     235  6  163  36
32     25  28  60  190
33     230  28  167  43
34     71  127  254  202
35     44  19  197  5
36     111  153  80  234
37     88  0  131  61
38     92  103  225  122
39     167  180  69  123
40     133  122  235  109
41     19  100  177  59
42     206  127  103  15
43     248  106  179  93
44     129  207  93  123
45     14  246  163  23
46     13  243  37  65
47     29  25  220  161
48     204  86  181  33
49     48  183  192  35
50     6  232  225  247
51     83  205  148  159
52     181  105  78  105
53     215  116  200  208
54     222  63  108  75
55     227  99  106  216
56     74  205  59  102
57     55  14  231  228
58     220  133  46  232
59     190  216  142  136
60     191  68  26  191
61     125  55  250  231
62     212  249  108  154
63     98  58  177  238
64     72  236  131  178
65     157  218  168  178
66     154  131  233  132
67     145  248  215  13
68     60  111  3  99
69     120  83  164  5
70     16  112  138  157
71     181  118  217  29
72     158  152  43  19
73     72  30  13  78
74     222  0  27  232
75     240  245  30  80
76     181  232  193  97
77     36  182  74  166
78     18  159  222  134
79     76  18  201  22
80     167  192  14  242
81     225  75  19  85
82     210  241  238  28
83     121  169  145  124
84     239  127  129  241
85     99  198  124  142
86     245  220  198  219
87     43  91  206  177
88     215  128  129  225
89     224  223  21  237
90     167  200  16  55
91     25  188  201  217
92     197  30  138  224
93     208  102  64  150
94     196  142  31  218
95     88  206  70  206
96     214  92  56  51
97     95  105  199  224
98     50  241  66  250
99     50  96  139  152
100     70  243  160  235
101     217  160  204  127
102     242  219  152  92
103     114  104  84  193
104     190  192  120  112
105     222  93  237  238
106     4  39  31  253
107     123  109  186  236
108     88  167  231  194
109     182  207  20  58
110     31  205  38  252
111     53  43  51  126
112     203  88  41  85
113     64  113  143  189
114     228  2  89  18
115     220  164  126  176
116     27  190  251  137
117     92  240  185  47
118     116  23  243  192
119     79  234  8  229
120     248  183  140  158
121     152  225  26  96
122     213  188  251  89
123     46  176  50  190
124     208  10  229  220
125     122  15  8  9
126     113  88  134  238
127     84  17  242  26
128     73  34  152  125
129     43  64  166  202
130     40  36  39  9
131     254  90  135  218
132     35  90  241  44
133     66  220  169  234
134     187  171  105  160
135     96  187  219  69
136     206  130  128  65
137     153  244  244  134
138     33  101  157  112
139     247  225  23  121
140     41  165  124  184
141     125  164  2  36
142     123  1  57  135
143     21  224  72  141
144     252  246  105  80
145     223  234  157  99
146     247  48  69  210
147     205  204  216  11
148     173  87  122  85
149     125  166  242  230
150     72  113  131  161
151     8  79  20  182
152     14  235  30  28
153     211  102  250  118
154     145  107  162  171
155     209  83  203  179
156     60  49  0  159
157     79  187  115  153
158     104  159  248  206
159     106  45  60  130
160     138  249  220  102
161     232  132  77  139
162     234  27  112  79
163     41  50  45  0
164     174  24  69  156
165     94  241  56  220
166     96  111  32  21
167     102  82  79  2
168     72  205  223  69
169     113  24  239  232
170     198  50  12  213
171     132  132  79  31
172     138  87  13  29
173     9  206  26  160
174     87  21  52  81
175     233  57  73  97
176     37  114  229  202
177     131  30  133  141
178     182  231  50  99
179     88  187  44  173
180     148  36  101  223
181     217  235  175  114
182     240  167  45  116
183     113  108  145  246
184     113  85  77  110
185     19  75  116  214
186     46  123  67  220
187     240  227  237  86
188     80  86  76  229
189     66  34  1  163
190     229  113  213  58
191     245  65  194  190
192     123  213  168  99
193     162  10  89  84
194     157  112  100  186
195     49  75  131  80
196     25  240  35  58
197     107  145  51  47
198     27  123  206  148
199     218  137  217  201
200     115  139  110  253
201     197  243  158  99
202     101  141  175  70
203     190  196  105  81
204     233  158  183  154
205     44  163  168  53
206     243  243  47  175
207     53  154  175  201
208     214  245  226  233
209     226  186  246  103
210     247  110  199  113
211     233  42  44  139
212     101  76  234  195
213     200  158  162  86
214     78  21  139  53
215     13  144  8  174
216     94  92  225  40
217     80  153  126  127
218     201  58  2  61
219     81  233  246  168
220     38  40  242  157
221     178  238  94  138
222     71  246  122  16
223     186  121  190  18
224     119  46  21  9
225     44  143  169  63
226     77  65  13  3
227     252  250  91  132
228     221  0  218  229
229     66  253  35  32
230     147  212  205  120
231     188  7  68  76
232     152  174  185  173
233     88  244  193  14
234     95  77  217  43
235     223  145  71  243
236     57  38  45  50
237     3  205  253  96
238     0  81  146  193
239     211  177  213  161
240     212  36  237  4
241     129  25  176  128
242     1  142  72  11
243     174  42  194  30
244     51  147  2  9
245     82  149  9  121
246     175  117  23  37
247     140  102  6  91
248     247  155  236  190
249     73  24  187  148
250     239  137  140  99
251     99  22  67  39
252     57  141  88  219
253     131  48  94  157
254     90  227  135  125
255     49  227  160  113
nv     255 255 255 255

